  -8.7159000e+01
  -8.3479000e+01
  -7.9777000e+01
  -7.6070000e+01
  -7.2362000e+01
  -6.8652000e+01
  -6.4942000e+01
  -6.1232000e+01
  -5.7521000e+01
  -5.3810000e+01
  -5.0099000e+01
  -4.6389000e+01
  -4.2678000e+01
  -3.8967000e+01
  -3.5256000e+01
  -3.1545000e+01
  -2.7833000e+01
  -2.4122000e+01
  -2.0411000e+01
  -1.6700000e+01
  -1.2989000e+01
  -9.2780000e+00
  -5.5670000e+00
  -1.8560000e+00
   1.8560000e+00
   5.5670000e+00
   9.2780000e+00
   1.2989000e+01
   1.6700000e+01
   2.0411000e+01
   2.4122000e+01
   2.7833000e+01
   3.1545000e+01
   3.5256000e+01
   3.8967000e+01
   4.2678000e+01
   4.6389000e+01
   5.0099000e+01
   5.3810000e+01
   5.7521000e+01
   6.1232000e+01
   6.4942000e+01
   6.8652000e+01
   7.2362000e+01
   7.6070000e+01
   7.9777000e+01
   8.3479000e+01
   8.7159000e+01
