-8.7863800e+01 
-8.5096527e+01
-8.2312912e+01 
-7.9525604e+01 
-7.6736900e+01 
-7.3947517e+01
-7.1157753e+01 
-6.8367760e+01 
-6.5577606e+01 
-6.2787354e+01
-5.9997021e+01 
-5.7206631e+01 
-5.4416199e+01 
-5.1625732e+01
-4.8835239e+01 
-4.6044727e+01 
-4.3254196e+01 
-4.0463650e+01
-3.7673088e+01 
-3.4882523e+01 
-3.2091946e+01 
-2.9301359e+01
-2.6510769e+01 
-2.3720175e+01 
-2.0929575e+01 
-1.8138971e+01
-1.5348365e+01 
-1.2557756e+01 
-9.7671452e+00 
-6.9765334e+00
-4.1859207e+00 
-1.3953069e+00  
 1.3953069e+00  
 4.1859207e+00
 6.9765334e+00 
 9.7671452e+00 
 1.2557756e+01 
 1.5348365e+01
 1.8138971e+01 
 2.0929575e+01 
 2.3720175e+01 
 2.6510769e+01
 2.9301359e+01 
 3.2091946e+01 
 3.4882523e+01 
 3.7673088e+01
 4.0463650e+01 
 4.3254196e+01 
 4.6044727e+01 
 4.8835239e+01
 5.1625732e+01 
 5.4416199e+01 
 5.7206631e+01 
 5.9997021e+01
 6.2787354e+01 
 6.5577606e+01 
 6.8367760e+01 
 7.1157753e+01
 7.3947517e+01 
 7.6736900e+01 
 7.9525604e+01 
 8.2312912e+01
 8.5096527e+01 
 8.7863800e+01 
