  -8.8290000e+01
  -8.6070000e+01
  -8.3840000e+01
  -8.1610000e+01
  -7.9370000e+01
  -7.7140000e+01
  -7.4900000e+01
  -7.2670000e+01
  -7.0430000e+01
  -6.8200000e+01
  -6.5960000e+01
  -6.3720000e+01
  -6.1490000e+01
  -5.9250000e+01
  -5.7020000e+01
  -5.4780000e+01
  -5.2550000e+01
  -5.0310000e+01
  -4.8070000e+01
  -4.5840000e+01
  -4.3600000e+01
  -4.1370000e+01
  -3.9130000e+01
  -3.6890000e+01
  -3.4660000e+01
  -3.2420000e+01
  -3.0190000e+01
  -2.7950000e+01
  -2.5710000e+01
  -2.3480000e+01
  -2.1240000e+01
  -1.9010000e+01
  -1.6770000e+01
  -1.4530000e+01
  -1.2300000e+01
  -1.0060000e+01
  -7.8300000e+00
  -5.5900000e+00
  -3.3500000e+00
  -1.1200000e+00
   1.1200000e+00
   3.3500000e+00
   5.5900000e+00
   7.8300000e+00
   1.0060000e+01
   1.2300000e+01
   1.4530000e+01
   1.6770000e+01
   1.9010000e+01
   2.1240000e+01
   2.3480000e+01
   2.5710000e+01
   2.7950000e+01
   3.0190000e+01
   3.2420000e+01
   3.4660000e+01
   3.6890000e+01
   3.9130000e+01
   4.1370000e+01
   4.3600000e+01
   4.5840000e+01
   4.8070000e+01
   5.0310000e+01
   5.2550000e+01
   5.4780000e+01
   5.7020000e+01
   5.9250000e+01
   6.1490000e+01
   6.3720000e+01
   6.5960000e+01
   6.8200000e+01
   7.0430000e+01
   7.2670000e+01
   7.4900000e+01
   7.7140000e+01
   7.9370000e+01
   8.1610000e+01
   8.3840000e+01
   8.6070000e+01
   8.8290000e+01
