   0.0000000e+00
   2.8125000e+00
   5.6250000e+00
   8.4375000e+00
   1.1250000e+01
   1.4062500e+01
   1.6875000e+01
   1.9687500e+01
   2.2500000e+01
   2.5312500e+01
   2.8125000e+01
   3.0937500e+01
   3.3750000e+01
   3.6562500e+01
   3.9375000e+01
   4.2187500e+01
   4.5000000e+01
   4.7812500e+01
   5.0625000e+01
   5.3437500e+01
   5.6250000e+01
   5.9062500e+01
   6.1875000e+01
   6.4687500e+01
   6.7500000e+01
   7.0312500e+01
   7.3125000e+01
   7.5937500e+01
   7.8750000e+01
   8.1562500e+01
   8.4375000e+01
   8.7187500e+01
   9.0000000e+01
   9.2812500e+01
   9.5625000e+01
   9.8437500e+01
   1.0125000e+02
   1.0406250e+02
   1.0687500e+02
   1.0968750e+02
   1.1250000e+02
   1.1531250e+02
   1.1812500e+02
   1.2093750e+02
   1.2375000e+02
   1.2656250e+02
   1.2937500e+02
   1.3218750e+02
   1.3500000e+02
   1.3781250e+02
   1.4062500e+02
   1.4343750e+02
   1.4625000e+02
   1.4906250e+02
   1.5187500e+02
   1.5468750e+02
   1.5750000e+02
   1.6031250e+02
   1.6312500e+02
   1.6593750e+02
   1.6875000e+02
   1.7156250e+02
   1.7437500e+02
   1.7718750e+02
   1.8000000e+02
   1.8281250e+02
   1.8562500e+02
   1.8843750e+02
   1.9125000e+02
   1.9406250e+02
   1.9687500e+02
   1.9968750e+02
   2.0250000e+02
   2.0531250e+02
   2.0812500e+02
   2.1093750e+02
   2.1375000e+02
   2.1656250e+02
   2.1937500e+02
   2.2218750e+02
   2.2500000e+02
   2.2781250e+02
   2.3062500e+02
   2.3343750e+02
   2.3625000e+02
   2.3906250e+02
   2.4187500e+02
   2.4468750e+02
   2.4750000e+02
   2.5031250e+02
   2.5312500e+02
   2.5593750e+02
   2.5875000e+02
   2.6156250e+02
   2.6437500e+02
   2.6718750e+02
   2.7000000e+02
   2.7281250e+02
   2.7562500e+02
   2.7843750e+02
   2.8125000e+02
   2.8406250e+02
   2.8687500e+02
   2.8968750e+02
   2.9250000e+02
   2.9531250e+02
   2.9812500e+02
   3.0093750e+02
   3.0375000e+02
   3.0656250e+02
   3.0937500e+02
   3.1218750e+02
   3.1500000e+02
   3.1781250e+02
   3.2062500e+02
   3.2343750e+02
   3.2625000e+02
   3.2906250e+02
   3.3187500e+02
   3.3468750e+02
   3.3750000e+02
   3.4031250e+02
   3.4312500e+02
   3.4593750e+02
   3.4875000e+02
   3.5156250e+02
   3.5437500e+02
   3.5718750e+02
